Version,1.05
Timestamp,OR
Region,OR,VMS,ES
CCTVURL,images.wsdot.wa.gov,ORFlow
Legend,1150,650
//
// 
016es01545:MME_Stn,40,64;48,71;48,81;41,72;41,71;36,65;36,64;33,61;33,60;32,59;32,46;33,58;33,46;34,48;49,69;49,82
//
//SR-16@Burnham Dr. EB only
016es01467:MME_Stn,58,88;67,104;60,97;60,96;53,88;53,87;49,83;49,70;50,80;50,70;51,72;55,77;56,79;60,84;61,86;66,91;67,93;68,94;68,104
//
//SR-16@Wollochet EB only
016es01227:MME_Stn,115,129;114,133;109,130;106,128;104,127;103,126;103,119;104,119;119,127;126,131;127,131;128,132;128,141;127,140
//
//SR-16@Olympic Dr W/B Ramp 
016es01107:_ME_Stn,139,142;145,149;144,149;140,146;129,141;128,140;128,132;129,132;135,136;145,141;148,143;149,143;150,144;150,152;149,152
016es01107:_MW_Stn,139,123;149,134;137,127;136,127;132,124;129,123;128,122;128,112;129,112;135,116;141,119;148,123;149,124;150,124;150,134
//
//SR-16@Olympic Dr. E/B Ramp
016es01062:MME_Stn,162,154;167,162;163,159;160,158;156,155;151,153;151,144;165,152;173,156;172,158;172,165;168,162
016es01062:_MW_Stn,162,136;172,136;172,146;151,135;151,125;157,128;168,134;171,136
//
//SR-16@Scalehouse 
016es00990:_ME_Stn,185,168;190,176;185,172;182,171;178,168;177,168;176,167;174,166;173,165;173,157;174,157;186,163;195,170;198,172;198,180;197,180;196,180;191,176
016es00990:_MW_Stn,186,149;187,153;181,150;174,147;173,146;173,137;174,137;191,147;193,148;198,151;198,160;197,160
//
//SR-16@36th St.
016es00965:MME_Stn,208,184;218,196;217,196;208,188;207,188;201,183;198,181;199,180;199,173;211,182;212,183;213,183;217,187;219,188;218,190
//016es00965:_MW_Stn,(Does not Exist)
//
//SR-16@Toll Plaza  -
016es00930:_ME_Stn,230,201;237,212;228,204;227,204;219,197;219,189;220,189;240,204;239,206;239,213
016es00930:_MW_Stn,229,180;238,192;231,186;229,185;225,181;224,181;222,179;219,177;219,168;220,168;232,179;233,179;236,182;237,182;239,184;239,192
//
//SR-16@24th W/B  // -240,213;240,205;-
016es00887:_ME_Stn,249,217;258,230;255,227;254,227;244,217;243,217;240,214;240,213;240,205;241,205;243,207;244,207;257,219;259,220;259,230
016es00887:_MW_Stn,249,196;258,203;258,209;250,201;249,201;245,197;243,196;240,193;240,185;241,185;244,188;245,188;253,196;254,196;259,201;259,209
//
//SR-16@24th E/B
016es00867:MME_Stn,270,235;280,241;280,247;275,244;273,243;264,235;263,235;259,231;260,230;260,221;270,230;271,231;272,231;278,237;279,237;281,239
//
//SR-16@TNB West
016es00841:_ME_Stn,295,249;298,254;296,253;291,252;289,251;282,248;281,247;281,240;282,240;300,246;305,247;306,248;308,248;309,249;310,249;310,257;309,257;307,256
016es00841:_MW_Stn,295,231;310,233;310,234;310,240;309,240;288,233;283,229;281,228;281,227;281,219;282,219;289,225;298,229;303,231;309,233
//
//SR-16@TNBEast
016es00490:_ME_Stn,400,269;404,273;399,273;397,272;391,272;390,271;390,265;391,265;405,266;406,267;409,267;410,267;410,274;409,274;406,274
016es00490:_MW_Stn,400,253;404,257;399,257;397,256;391,256;390,255;390,249;391,249;395,249;396,250;409,251;410,251;410,258;409,258;406,258
//
//SR-16@Jackson Ave --EB only--
016es00451:MME_Stn,423,271;429,275;420,275;418,274;411,274;411,267;419,267;420,268;430,268;431,269;435,269;435,276;431,276
//
//SR-16@Jackson DS
016es00418:_ME_Stn,446,272;455,276;437,276;436,276;436,269;437,269;455,269;456,269;456,276
016es00418:_MW_Stn,446,256;455,260;437,260;436,260;436,253;437,253;455,253;456,253;456,261
//
//SR-16@Pearl St
016es00370:_ME_Stn,469,272;481,276;457,276;457,269;481,269
016es00370:MMW_Stn,469,256;481,260;457,260;457,253;481,253
//
//SR-16@6th/Pearl
016es00360:MME_Stn,495,272;507,276;483,276;482,276;482,269;483,269;507,269;508,269;508,276
016es00360:_MW_Stn,495,256;507,260;483,260;482,260;482,253;483,253;507,253;508,253;508,260
//
//SR-16@N.Orchard
016es00288:_ME_Stn,521,272;534,276;509,276;509,269;534,269
016es00288:MMW_Stn,521,256;534,255;534,260;509,260;509,253;535,253
//
//SR-16@S.Orchard
016es00228:MME_Stn,548,278;560,289;543,278;537,277;536,275;535,276;535,269;536,269;541,270;557,280;560,282;561,283;561,289
016es00228:_MW_Stn,548,261;561,267;561,268;561,274;560,274;545,263;543,262;540,261;537,261;536,260;535,260;535,254;536,254;545,256;546,257;550,258;556,263;557,263
//
//SR-16@Center
016es00174:MME_Stn,573,294;584,301;575,299;571,296;570,296;565,292;564,292;563,291;561,290;562,289;562,283;567,287;569,288;577,293;580,295;584,296;587,296;586,298;586,302
016es00174:_MW_Stn,573,279;570,281;565,277;564,277;562,275;561,275;562,274;562,268;567,272;569,273;582,281;585,282;586,282;586,288;583,288;581,287;578,286;573,282
//
//SR-16@Snake Lake DS
016es00152:_ME_Stn,600,301;612,305;591,303;589,302;588,302;587,302;587,297;588,297;597,297;598,298;612,298;613,298;613,305
016es00152:_MW_Stn,600,286;598,290;596,289;588,289;587,288;587,282;588,282;591,283;612,283;613,283;613,291;612,290
//
//
//SR-16@Union Ave W/B
016es00138:MMW_Stn,639,291;642,298;638,294;627,291;623,291;621,290;614,290;614,283;619,283;620,284;630,284;631,285;638,285;639,286;642,286;647,289;651,295;653,300;653,317;646,317;646,307;645,305;645,303
//SR-16@Union Ave E/B
016es00100:MME_Stn,627,305;629,312;628,309;624,306;614,305;614,298;621,298;622,299;633,301;635,303;637,309;638,315;638,317;630,317;630,314
//
//SR-16@Union DS  
016es00085:_ME_Stn,634,324;638,329;638,330;635,330;634,331;631,331;631,330;631,319;631,318;638,318;638,319
016es00085:_MW_Stn,649,323;653,327;653,328;649,328;648,329;646,329;649,327;648,328;646,328;646,319;646,318;653,318;653,319
//
//Great Wolf DS
005es08744:_MN_Stn,105,1149;109,1152;110,1159;111,1160;111,1163;105,1163;99,1137;99,1136;105,1136;106,1143;107,1144;108,1151
005es08744:_MS_Stn,91,1149;95,1152;96,1159;97,1160;97,1163;91,1163;85,1137;85,1136;91,1136;92,1143;93,1144;94,1151
//
//Grand Mound DS
005es08845:_MN_Stn,98,1119;103,1128;104,1135;98,1135;96,1125;96,1124;95,1123;95,1119;94,1117;94,1103;100,1103;100,1119;101,1120;102,1127
005es08845:_MS_Stn,84,1119;90,1135;84,1135;81,1121;80,1116;80,1103;86,1103;86,1119;87,1120;88,1127;89,1128
//
//188th DS
005es08930:_MN_Stn,97,1089;101,1090;100,1092;100,1102;94,1102;94,1091;95,1090;95,1077;101,1077
005es08930:_MS_Stn,83,1089;86,1102;80,1102;80,1091;81,1090;81,1077;87,1077;87,1090;86,1092
//
//183rd DS
005es09008:_MN_Stn,98,1061;101,1076;95,1076;95,1048;101,1048
005es09008:_MS_Stn,84,1061;87,1076;81,1076;81,1048;87,1048
//
//Scatter Creek DS
005es09127:_MN_Stn,98,1034;101,1047;95,1047;95,1022;101,1022
005es09127:_MS_Stn,84,1034;87,1047;81,1047;81,1022;87,1022
//
//Goddard Rd DS
005es09209:_MN_Stn,98,1009;101,1021;95,1021;95,1010;96,1009;96,998;102,998;102,1009;101,1011
005es09209:_MS_Stn,84,1009;87,1021;81,1021;81,1010;82,1009;82,998;88,998;88,1009;87,1011
//
//Maytown Rest Area DS
005es09325:_MN_Stn,99,985;102,997;96,997;96,974;102,974
005es09325:_MS_Stn,85,985;88,997;82,997;82,974;88,974
//
//143rd DS
005es09423:_MN_Stn,99,959;102,973;96,973;96,947;102,947
005es09423:_MS_Stn,85,959;88,973;82,973;82,947;88,947
//
//Maytown IC DS
005es09526:_MN_Stn,99,932;102,946;96,946;96,937;97,936;97,918;103,918;103,936;102,938
005es09526:_MS_Stn,85,932;88,946;82,946;82,937;83,936;83,918;89,918;89,936;88,938
// 
//
005es13280:_MN_Stn,687,345;700,348;679,349;678,350;668,350;667,350;667,344;668,344;667,343;678,343;680,342;700,341;702,340;707,340;708,340;708,347;707,347;701,347
005es13280:_MS_Stn,687,330;700,333;679,334;678,335;668,335;667,335;667,329;668,329;667,328;678,328;680,327;700,326;702,325;707,325;708,325;708,332;707,332;701,332
//
//I-5 @ Tacoma Ave
005es13330:_MN_Stn,728,341;727,345;724,345;723,346;713,346;712,347;709,347;709,340;712,340;714,339;723,339;725,338;730,338;732,337;741,335;743,334;748,333;749,333;749,339;748,339;749,340;742,341;741,342;733,344;728,344
005es13330:_MS_Stn,728,326;709,325;712,325;714,324;723,324;725,323;730,323;731,322;738,321;740,320;748,318;749,318;749,329;748,324;749,325;742,326;741,327;729,330;724,330;723,331;713,331;712,332;709,332
//
//
//I-5 @ Port of Tacoma -Ramp Meter
005es13611:MMN_Stn,867,330;848,334;848,327;887,327;887,334
005es13600:MMS_Stn,867,315;848,319;848,312;887,312;887,319
//
//I-5@ Alexander Ave
005es13674:_MN_Stn,916,330;944,333;903,333;902,334;889,334;888,334;888,327;889,327;902,327;904,326;944,326;945,326;945,333
005es13674:_MS_Stn,916,315;902,319;889,319;888,319;888,312;889,312;902,312;903,311;944,311;945,311;945,318;944,318;903,318
//
//I-5 @ 54th SB On-Ramp
005es13708:_MN_Stn,965,328;981,332;958,332;957,333;946,333;946,326;958,326;960,325;985,325;985,331;982,331
005es13708:_MS_Stn,965,313;985,316;982,317;960,317;959,318;946,318;946,311;952,311;954,310;972,310;974,309;985,309
//
//
//I-5 @54th -Ramp Meter
005es13761:MMN_Stn,1014,327;1022,330;1021,331;987,331;986,331;986,325;987,325;990,324;1019,324;1021,323;1042,323;1043,323;1043,330;1042,330
005es13737:MMS_Stn,1014,312;1042,314;1034,314;1033,315;987,316;986,316;986,309;987,309;1009,309;1011,308;1042,308;1043,308;1043,314
//
//I-5@Port of Tacoma
//
//005es13611:MMN_Stn,916,330;944,333;903,333;902,334;889,334;889,327;902,327;904,326;944,326
//005es13600:MMS_Stn,916,315;902,319;889,319;889,312;902,312;903,311;944,311;944,318;903,318
//
//I-5@ Alexander Ave
//005es13674:_MN_Stn,965,328;981,332;958,332;957,333;946,333;946,326;958,326;960,325;985,325;985,331;982,331
//005es13674:_MS_Stn,965,313;985,316;982,317;960,317;959,318;946,318;946,311;952,311;954,310;972,310;974,309;985,309
//
//I-5 @54th
//005es13761:MMN_Stn,1014,327;1022,330;1021,331;987,331;987,325;990,324;1019,324;1021,323;1042,323;1042,330
//005es13737:MMS_Stn,1014,312;1042,314;1034,314;1033,315;987,316;987,309;1009,309;1011,308;1042,308
//
//
//I-5@65th
005es13820:_MN_Stn,1077,322;1055,323;1057,322;1072,322;1075,320;1076,319;1076,317;1077,316;1077,263;1084,263;1084,318;1083,320;1083,322;1081,325;1079,327;1072,329;1066,329;1065,330;1044,330;1044,323
005es13820:_MS_Stn,1064,300;1047,307;1055,306;1060,301;1060,298;1061,297;1061,282;1062,281;1062,263;1069,263;1069,281;1068,283;1068,302;1067,304;1066,307;1063,310;1058,312;1050,314;1044,314;1044,308
//
//I-5@70th
005es13854:_MN_Stn,1082,222;1077,256;1078,255;1078,231;1079,230;1079,205;1080,204;1080,183;1080,182;1087,182;1087,183;1087,204;1086,206;1085,255;1084,257;1084,261;1084,262;1077,262;1077,261
005es13854:_MS_Stn,1067,222;1062,256;1063,255;1063,231;1064,230;1064,205;1065,204;1065,183;1065,182;1072,182;1072,183;1072,204;1071,206;1070,255;1069,257;1069,261;1069,262;1062,262;1062,261
//
//I-5@Porter Way
005es13900:_MN_Stn,1085,152;1088,178;1087,180;1087,181;1080,181;1081,177;1082,128;1083,127;1083,123;1090,123;1090,127;1089,129;1089,152;1088,154
005es13900:_MS_Stn,1070,152;1073,154;1073,178;1072,180;1072,181;1065,181;1066,177;1067,128;1068,127;1068,123;1075,123;1075,127;1074,129;1074,152
//
//I-5@PK Line
005es13938:_MN_Stn,1087,91;1090,121;1090,122;1083,122;1083,121;1083,102;1084,101;1084,76;1085,75;1085,62;1085,61;1092,61;1092,62;1092,75;1091,77;1091,101;1090,103
005es13938:_MS_Stn,1072,91;1076,101;1075,103;1075,121;1075,122;1068,122;1068,121;1068,102;1069,101;1069,76;1070,75;1070,62;1070,61;1077,61;1077,62;1077,75;1076,77
//
//I-5@ Tumwater Blvd
//
005es10177:_MN_Stn,103,804;107,794;106,796;106,816;105,817;100,817;100,816;100,794;101,793;101,791;103,791;105,792;107,793;106,794
//
005es10177:_MS_Stn,89,801;92,794;92,817;86,817;86,792;87,791;87,785;89,785;91,786;93,787;92,788;93,788;93,792
//
// I-5 at Test Site W-125
005es10404:_MN_Stn,110,762;113,764;110,773;110,774;109,774;104,769;104,768;106,762;107,760;108,755;109,754;110,750;111,750;116,755;116,756
005es10404:_MS_Stn,97,751;97,763;96,763;92,759;92,758;93,750;94,749;94,747;95,746;96,741;97,740;97,739;98,739;103,744;103,745;101,749;100,755;98,759;98,761
//
//
// I-5@ 14th
005es10538:_MN_Stn,123,727;126,730;123,736;122,739;121,739;116,734;116,733;123,719;124,719;128,723;128,724
005es10538:_MS_Stn,110,716;113,719;110,725;110,726;109,727;104,722;104,721;110,709;111,708;111,707;112,707;117,712;116,712;116,714;113,717
//
// I-5@ Pacific Ave
//
005es10727:_MN_Stn,145,701;153,701;151,702;149,703;148,704;146,705;145,706;143,707;141,709;139,710;138,711;137,711;136,712;136,704;137,704;139,702;141,701;143,699;145,698;146,697;148,696;150,695;151,694;153,693;154,693;154,700
//
005es10727:_MS_Stn,144,685;153,684;151,685;150,686;148,687;146,688;145,689;143,690;142,691;140,692;139,693;137,694;136,694;135,695;135,685;136,685;138,684;140,683;142,682;144,681;146,680;148,679;149,678;151,677;153,676;154,676;154,683
//
//I-5@ Lilly Rd
005es10792:_MN_Stn,163,693;164,696;161,698;156,699;155,700;155,692;160,691;166,688;169,687;171,687;172,687;172,694;171,695
005es10792:_MS_Stn,163,676;167,678;166,679;158,681;155,683;155,675;162,672;165,671;170,671;171,670;172,670;172,678
//
//I-5@ Sleater Kinney
005es10839:_MN_Stn,183,688;194,690;190,690;189,691;185,691;184,692;180,692;179,693;176,693;175,694;173,694;173,686;176,686;177,685;182,685;183,684;194,684;195,684;195,690
005es10839:_MS_Stn,183,672;194,676;184,676;183,677;173,677;173,670;178,670;179,669;194,669;195,669;195,676            
//
//I-5@ Martin Way NB
005es10918:_MN_Stn,209,686;222,689;214,689;213,690;196,690;196,684;199,684;201,683;213,683;215,682;222,682;223,682;223,689
005es10918:_MS_Stn,209,671;213,675;200,675;199,676;196,676;196,669;199,669;201,668;213,668;215,667;222,667;223,667;223,674;222,674;214,674
//
//I-5@ Carpenter Hart
005es11004:_MN_Stn,237,684;241,688;228,688;227,689;224,689;224,682;227,682;229,681;241,681;243,680;250,680;251,680;251,687;250,687;242,687
005es11004:_MS_Stn,237,669;241,673;228,673;227,674;224,674;224,667;227,667;229,666;241,666;243,665;250,665;251,665;251,672;250,672;242,672
//
//I-5@Marvin NB
005es11117:_MN_Stn,265,682;270,686;256,686;255,687;252,687;252,680;255,680;257,679;270,679;272,678;278,678;279,678;279,685;278,685;271,685
005es11117:_MS_Stn,265,667;270,671;256,671;255,672;252,672;252,665;255,665;257,664;270,664;272,663;278,663;279,663;279,670;278,670;271,670
//
//I-5@Marvin Rd
005es11200:MMN_Stn,296,680;312,683;285,684;284,685;280,685;280,678;284,678;286,677;312,676;313,675;313,682
//
005es11200:MMS_Stn,296,665; 312,668;285,669;284,670;280,670;280,663;284,663;286,662;312,661;313,660;313,667
//
//
//I-5@Marvin NB & SB
//005es11232:_MN_Stn,286,681;292,684;285,684;284,685;280,685;280,678;284,678;286,677;292,677
//005es11222:_MS_Stn,286,666;292,669;285,669;284,670;280,670;280,663;284,663;286,662;292,662
//
//
//I-5@Nisqually
//
//005es11431:_MN_Stn,342,676;345,679;344,680;337,680;336,681;336,674;338,673;344,673;346,672;348,672;348,679
//005es11431:_MS_Stn,342,661;344,665;337,665;336,666;336,658;343,658;345,657;348,657;348,664;345,664
//
//
005es11465:MMN_Stn,350,675;366,677;360,677;359,678;353,678;352,679;345,679;344,680;337,680;336,681;335,681;335,674;336,674;337,673;344,673;345,672;352,672;353,671;360,671;361,670;366,670;367,670;367,677
//
005es11465:MMS_Stn,350,660;366,662;360,662;359,663;353,663;352,664;345,664;344,665;337,665;336,666;335,666;335,659;336,658;343,658;344,657;351,657;352,656;359,656;360,655;366,655;367,655;367,662
//
// New DS at RR Bridge MP 115.57 NB only
005es11557:_MN_Stn,375,672;377,675;376,676;369,676;368,677;368,670;370,669;377,669;379,668;382,668;382,675
//
//I-5 @ Mounts Rd
005es11657:MMN_Stn,401,669;402,672;401,673;394,673;393,674;385,674;384,675;383,675;383,668;384,668;386,667;394,667;396,666;401,666;403,665;417,664;418,663;419,663;419,670;418,670;417,671
//
005es11657:MMS_Stn,401,654;401,658;394,658;393,659;385,659;384,660;383,660;383,653;384,652;392,652;394,651;408,650;410,649;416,649;418,648;419,648;419,655;418,655;417,656;402,657
//
//
//I-5@Scalehouse
005es11768:_MN_Stn,433,665;441,668;426,669;425,670;420,670;420,663;425,663;427,662;441,661;443,660;446,660;447,660;447,667;446,667;442,667
//
005es11768:_MS_Stn,433,650;441,653;426,654;425,655;420,655;420,648;424,648;426,647;440,646;442,645;446,645;447,645;447,652;446,652;442,652
//
//I-5@DuPont
005es11860:_MN_Stn,454,662;450,666;449,667;448,667;448,660;451,659;458,659;460,658;461,658;461,665;460,665;457,666
005es11860:_MS_Stn,454,647;457,651;450,651;449,652;448,652;448,645;450,644;460,644;461,644;461,650;460,650
//
//
//I-5@Pendleton (I-5@DuPont NB)
005es11935:_MN_Stn,475,661;474,664;473,665;462,665;462,658;483,658;485,657;488,657;489,657;489,664;488,663;489,664
//
005es11935:_MS_Stn,475,646;476,649;475,650;462,650;462,644;461,643;476,643;478,642;488,642;489,642;489,649;488,649
//
//
//I-5@Main Gate SB //005es12052:_MN_Stn
005es12044:_MN_Stn,496,660;498,656;502,656;503,656;503,663;502,663;490,663;490,657;496,657
//
005es12044:_MS_Stn,496,645;502,648;497,648;496,649;490,649;490,642;502,641;503,641;503,648
//
//
//I-5@Main Gate NB  // 005es12124:_MN_Stn
005es12132:_MN_Stn,513,658;519,662;505,662;504,663;504,656;512,656;514,655;523,655;524,655;524,661;523,661;520,661
//
005es12132:_MS_Stn,513,644;523,647;518,647;517,648;504,648;504,641;517,641;519,640;523,640;524,640;524,647
//
// 005es12270 Berkeley Ave (see it at I-5 RTMS section)
// to
// 005es12666 Tacoma Maintenance RTMS
//
//I-5 @ SR 512
005es12740:_MN_Stn,648,619;644,630;645,629;645,622;646,621;646,598;653,598;653,628;652,630;652,634;651,636;651,638;650,640;649,640;644,635
//
005es12740:_MS_Stn,634,613;630,623;630,616;631,615;631,598;638,598;638,621;637,623;637,627;636,629
// 
//
//SR-167@ SR-512 SB On-ramp 
167es00644:_MN_Stn,1126,389;1138,393;1123,393;1121,392;1111,391;1109,390;1106,390;1105,390;1105,386;1106,385;1106,383;1107,385;1107,383;1110,383;1111,384;1122,385;1123,386;1146,386;1147,386;1147,392;1146,392;1139,392
167es00644:_MS_Stn,1127,374;1141,377;1140,378;1123,378;1121,377;1111,376;1109,375;1108,375;1109,368;1110,368;1111,369;1116,369;1117,370;1123,370;1124,371;1146,371;1147,371;1147,376;1146,377
//
//
//SR-167@ SR-410  -1181,334;1188,334;-
167es00707:_MN_Stn,1179,386;1159,385;1161,384;1176,384;1179,382;1180,381;1181,377;1181,335;1181,334;1188,334;1188,335;1188,380;1187,382;1187,384;1185,387;1183,389;1176,391;1170,391;1169,392;1148,392;1148,385
167es00707:_MS_Stn,1166,365;1151,369;1159,368;1164,363;1164,360;1165,359;1165,344;1166,343;1166,335;1166,334;1173,334;1173,335;1173,343;1172,345;1172,364;1171,366;1170,369;1167,372;1162,374;1154,376;1148,376;1148,370
//
//
//SR-167@ 24th St. E. On-ramp
167es00910:_MN_Stn,1175,256;1180,267;1181,268;1181,269;1173,269;1173,268;1173,262;1172,260;1172,248;1171,246;1171,244;1171,243;1178,243;1178,244;1178,248;1179,249
167es00910:_MS_Stn,1160,256;1165,268;1165,269;1158,269;1157,268;1157,258;1156,256;1156,245;1155,244;1155,243;1163,243;1163,244;1164,245;1164,258;1165,259
//
//
//SR-167@ 24th St. E. Off-ramp
167es00956:_MN_Stn,1173,230;1177,239;1178,240;1178,242;1171,242;1170,231;1169,230;1169,222;1168,220;1168,218;1175,218;1176,223;1176,229;1177,230
167es00956:_MS_Stn,1158,230;1163,235;1163,242;1155,242;1154,229;1153,227;1153,222;1152,220;1152,218;1160,218;1161,219;1162,234
//
//SR-167@ 8th St. E. On-ramp 
167es01032:_MN_Stn,1170,204;1175,216;1175,217;1168,217;1168,216;1166,206;1166,192;1166,191;1173,191;1173,192;1174,211;1175,212
167es01032:_MS_Stn,1154,204;1152,216;1151,212;1151,207;1150,205;1150,195;1151,194;1151,192;1151,191;1159,191;1159,192;1158,194;1158,207;1159,208;1159,213;1160,214;1160,216;1160,217;1152,217
//
//
//SR-167@ 8th St. E. Off-ramp   -1168,165;1175,165;-
167es01093:_MN_Stn,1170,178;1174,189;1173,190;1166,190;1167,189;1167,177;1168,176;1168,166;1168,165;1175,165;1175,166;1175,174;1174,176
167es01093:_MS_Stn,1156,178;1159,180;1159,190;1151,190;1152,186;1153,166;1153,165;1160,165;1160,166;1160,178
// 
//SR-410@ SR-162 EB Off-ramp 
410es01027:_ME_Stn,1252,422;1251,425;1250,426;1246,427;1243,427;1242,427;1242,422;1243,422;1261,416;1262,415;1263,415;1263,422;1262,422;1257,423;1256,424
410es01027:_MW_Stn,1252,406;1253,410;1248,411;1247,412;1242,413;1242,412;1242,406;1243,406;1261,400;1262,399;1263,399;1263,405;1262,406;1259,408;1254,409
//
//SR-410@ SR-162 EB On-ramp
410es01070:_ME_Stn,1270,413;1265,420;1264,421;1264,415;1263,414;1264,414;1269,410;1270,410;1275,406;1276,406;1281,402;1282,402;1283,401;1284,401;1284,407;1283,408
410es01070:_MW_Stn,1270,397;1264,399;1263,398;1264,398;1269,394;1270,394;1275,390;1276,390;1281,386;1282,386;1283,385;1284,385;1284,391;1283,392;1265,404;1264,405
//
//
//SR-410@ 166 EB on-ramp 
410es01178:_ME_Stn,1315,384;1310,390;1306,393;1305,393;1305,387;1306,387;1305,386;1306,386;1308,384;1309,384;1314,380;1318,379;1324,379;1325,380;1326,380;1326,386;1325,386;1323,385;1317,385;1312,389
410es01178:_MW_Stn,1315,368;1307,376;1306,377;1305,377;1305,371;1306,371;1305,370;1306,370;1311,366;1312,366;1314,364;1324,364;1325,365;1326,365;1326,371;1325,371;1323,370;1316,370
//
// SR-512@Portland
512es00400:_ME_Stn,770,649;780,653;766,653;764,652;755,652;755,645;764,645;765,646;781,646;782,647;785,647;786,647;786,654;785,654;782,654
512es00400:_MW_Stn,770,634;780,638;765,638;763,637;755,637;755,630;764,630;765,631;781,631;782,632;785,632;786,632;786,639;785,639;782,639
//
//
//SR-512@Canyon WB  --850,656;850,649;--882,651;882,659;--
512es00553:_ME_Stn,866,653;877,658;875,657;853,657;851,656;850,656;850,649;851,649;854,650;876,650;877,651;881,651;882,651;882,659;881,658
512es00553:_MW_Stn,866,638;877,643;875,642;853,642;851,641;850,641;850,634;851,634;854,635;876,635;877,636;881,636;882,636;882,643;881,643
//
//
//SR-512@Canyon E --914,652;914,659--
512es00626:_ME_Stn,898,655;913,659;901,659;899,658;883,658;883,651;900,651;901,652;913,652;914,652;914,659
512es00626:_MW_Stn,898,640;913,644;901,644;899,643;883,643;883,636;900,636;901,637;913,637;914,637;914,645
//
//
//SR-512@94th WB --978,662;978,655;-1010,656;1010,663--
512es00789:_ME_Stn,994,659;1009,663;997,663;995,662;979,662;978,662;978,655;979,655;996,655;997,656;1009,656;1010,656;1010,663
512es00789:_MW_Stn,994,644;1009,648;997,648;995,647;979,647;978,647;978,640;979,640;996,640;997,641;1009,641;1010,641;1010,648
//
//
//SR-512@SR-161 WB On 
512es00851:_ME_Stn,1033,659;1051,660;1046,661;1045,662;1041,663;1011,663;1011,656;1034,656;1036,655;1044,653;1046,652;1049,651;1056,658;1052,659
512es00851:_MW_Stn,1026,645;1041,646;1036,647;1035,648;1011,648;1011,641;1035,641;1037,640;1038,640;1039,639;1044,644
//
//
//SR-512@SR-161 WB Off -1056,657;1050,651;-1065,597;1072,597;-
512es00917:_ME_Stn,1067,633;1067,650;1062,655;1057,657;1056,657;1050,651;1051,651;1051,650;1054,649;1058,646;1061,643;1063,638;1063,635;1064,634;1064,611;1065,610;1065,598;1065,597;1072,597;1072,598;1072,609;1071,611;1071,636;1070,638;1070,642;1069,644
512es00917:_MW_Stn,1052,622;1041,638;1044,635;1046,630;1048,624;1048,622;1049,621;1049,611;1050,610;1050,598;1050,597;1057,597;1057,598;1057,610;1056,612;1056,626;1055,628;1054,635;1051,641;1049,642;1046,644;1045,644;1040,639;1041,639
//
//SR-512@SR-161 and Meridian
512es00971:_ME_Stn,1079,583;1072,594;1072,596;1065,596;1065,592;1068,587;1076,580;1077,580;1086,573;1087,573;1088,572;1091,574;1094,577;1081,586;1079,588;1075,590
512es00971:_MW_Stn,1062,577;1049,596;1049,588;1050,587;1051,583;1055,578;1056,578;1064,571;1065,571;1069,567;1070,567;1075,563;1076,563;1077,562;1082,567;1082,568;1069,577;1063,582;1061,583;1058,586;1056,593;1056,595;1057,596
//
//
//SR-512@Meridian WB Off -1094,576;1090,572;-1112,529;1118,529;
512es01016:_ME_Stn,1110,556;1093,568;1094,568;1098,564;1099,564;1105,558;1105,557;1108,554;1112,545;1112,530;1112,529;1118,529;1118,530;1119,535;1119,548;1117,552;1116,555;1105,569;1103,570;1097,575;1095,576;1094,576;1090,572;1090,571;1089,571;1090,571
512es01016:_MW_Stn,1098,549;1085,566;1083,566;1082,566;1078,562;1079,562;1079,561;1082,560;1086,557;1094,550;1094,548;1095,547;1095,544;1096,543;1096,534;1095,532;1095,530;1095,529;1102,529;1103,530;1103,536;1104,537;1104,547;1101,552;1097,557;1095,558;1089,563;1087,564
//
//SR-512@Pioneer Meridian 
512es01060:_ME_Stn,1112,509;1118,526;1118,528;1111,528;1110,523;1109,510;1108,508;1108,506;1106,502;1104,496;1103,494;1111,494;1113,497;1114,501;1115,502;1117,512;1117,525
512es01060:_MW_Stn,1096,511;1100,508;1102,517;1102,528;1095,528;1095,519;1094,517;1092,510;1089,501;1088,499;1087,495;1086,494;1093,494;1094,493;1095,497;1096,498;1097,503
//
//
//SR-512@Pioneer EB On -1110,493;1103,493;-1095,464;1102,464; 
512es01108:_ME_Stn,1102,479;1110,492;1110,493;1103,493;1102,492;1100,486;1099,484;1098,477;1097,475;1097,473;1096,471;1096,467;1095,465;1095,464;1102,464;1103,465;1104,472;1105,473;1107,482;1109,490;1110,491
512es01108:_MW_Stn,1086,478;1093,490;1093,492;1093,493;1086,493;1086,492;1085,490;1083,481;1082,479;1080,470;1080,465;1080,464;1087,464;1087,465;1089,472;1089,477;1090,478;1090,484;1091,485;1092,489
//
//
//SR-512@East of Benston -1091,427;1098,427;-
512es01161:_ME_Stn,1094,444;1095,463;1095,459;1094,457;1094,455;1092,451;1090,444;1090,433;1091,432;1091,428;1091,427;1098,427;1098,428;1097,444;1098,445;1099,451;1100,452;1101,459;1102,460;1102,463
512es01161:_MW_Stn,1080,446;1086,462;1087,463;1079,463;1079,458;1078,456;1078,454;1077,452;1077,447;1076,445;1076,439;1075,437;1075,427;1076,427;1083,427;1083,428;1082,431;1082,444;1083,445;1084,454;1085,455
//
//I-5@84th St
005es12897:_MN_Stn,649,540;653,558;646,558;646,523;653,523
005es12898:_MS_Stn,634,540;638,558;631,558;631,523;638,523
//
//I-5@38th St.**~Traficon~** 639,353;646,353; 622,353;631,353;*
005es13185:_MN_Stn,642,375;648,396;641,396;640,391;640,381;639,379;639,354;639,353;646,353;646,354;646,377;647,378;647,393;648,394
005es13179:_MS_Stn,627,373;632,366;632,396;625,396;625,388;624,386;623,360;622,358;622,354;622,353;631,353;631,354;631,365
//
//
//I-5@ E. "L" St. *~~Traficon~~*790,336;790,329;847,327;847,334;
005es13463:_MN_Stn,818,331;815,334;792,335;791,336;790,336;790,329;791,329;792,328;815,327;817,326;845,326;846,327;847,327;847,334;846,334;844,333;816,333
005es13464:_MS_Stn,819,314;815,319;792,320;791,321;790,321;790,314;791,314;792,314;793,313;816,312;818,311;845,311;846,312;847,312;847,319;846,319;844,318;816,318
//
//I-5@ Berkeley Ave.
005es12270:_MN_Stn,536,657;547,659;546,660;525,661;525,655;529,655;531,654;542,654;544,653;547,653;548,653;548,659
005es12270:_MS_Stn,535,643;546,645;545,646;537,646;536,647;525,647;525,640;536,640;537,639;547,639;548,639;548,645;547,645
//
//
//I-5@Thorne Lane
005es12360:_MN_Stn,560,654;567,657;566,658;557,658;556,659;549,659;549,653;552,652;568,651;570,650;572,650;573,650;573,657;572,657
005es12360:_MS_Stn,560,641;569,643;568,644;553,644;552,645;549,645;549,639;552,638;564,638;566,637;572,637;573,637;573,643;572,643
//
//
//I-5@Gravelley Lake
005es12461:_MN_Stn,580,653;578,656;577,657;574,657;574,650;583,650;585,649;586,649;587,649;587,656;586,655;587,656
005es12461:_MS_Stn,580,640;586,642;583,643;574,643;574,637;578,637;580,636;586,636;587,636;587,642
//
//
//I-5@New York Ave
005es12531:_MN_Stn,594,652;600,655;588,655;588,649;600,649;601,649;601,655
005es12531:_MS_Stn,594,639;594,635;600,635;601,635;601,642;600,642;588,642;588,636;592,636
//
//I-5@Bridgeport Way
005es12586:_MN_Stn,608,652;614,655;602,655;602,649;614,649;615,649;615,655
005es12586:_MS_Stn,608,638;610,634;614,634;615,634;615,642;614,642;602,642;602,635;608,635
//
//
//I-5@47th Ave
005es12615:_MN_Stn,626,651;630,653;629,654;619,654;618,655;616,655;616,649;625,649;627,648;632,648;633,647;637,651;637,652;633,653
005es12615:_MS_Stn,620,638;620,641;619,642;616,642;616,634;621,634;627,640;626,641
//
//
//I-5@Lakeview Maint
005es12666:_MN_Stn,642,645;642,649;639,651;638,651;635,647;635,647;635,646;638,645;642,640;643,637;643,636;644,636;649,641;647,640;648,642;649,642;649,643;644,648
005es12666:_MS_Stn,629,634;635,633;634,636;631,639;629,640;628,640;622,634;622,633;624,633;628,629;629,626;629,624;630,624;636,630;636,631
//
//
//I-5@96th
005es12808:_MN_Stn,649,578;653,596;653,597;646,597;646,596;646,560;646,559;653,559;653,560
005es12808:_MS_Stn,634,578;638,596;638,597;631,597;631,596;631,560;631,559;638,559;638,560
//
//
//I-5@72nd/74th 
005es12906:_MN_Stn,648,503;653,521;653,522;646,522;646,521;646,511;645,509;645,485;645,484;652,484;652,485;652,509;653,510
005es12906:_MS_Stn,634,503;638,521;638,522;631,522;631,521;631,508;630,506;630,485;630,484;637,484;637,485;637,510;638,511
//
//
//I-5@56th St.
005es13035:_MN_Stn,648,459;651,457;652,458;652,483;645,483;645,457;644,455;643,435;650,435;650,441;651,442
005es13035:_MS_Stn,633,459;636,456;637,457;637,483;630,483;630,464;629,462;629,446;628,444;628,435;635,435;635,444;636,445
//
//
//I-5@48th St 
005es13119:_MN_Stn,645,416;650,433;650,434;643,434;643,433;642,434;642,420;641,418;641,398;641,397;648,397;648,398;648,409;649,410;649,425;650,426
005es13119:_MS_Stn,630,415;635,433;635,434;628,434;628,433;627,428;627,417;626,415;626,403;625,401;625,398;625,397;632,397;632,398;633,401;633,420;634,421;634,432
//
// SR-512
//SR-512@Steele St.
512es00064:_ME_Stn,668,642;669,646;667,645;661,645;659,644;653,643;651,642;650,642;652,636;653,638;653,636;656,637;661,637;662,638;674,639;675,640;680,640;681,641;683,641;684,642;684,648;683,648;681,648;679,647
512es00064:_MW_Stn,669,627;667,630;661,630;659,629;656,629;655,627;654,628;654,622;655,622;659,622;660,623;675,624;676,625;683,625;684,626;684,633;683,633;681,633;679,632;669,631
//
//
//SR-512@Pacific Ave
512es00330:_ME_Stn,738,648;753,652;734,652;732,651;723,651;722,651;722,644;723,644;733,644;734,645;753,645;754,645;754,652
512es00330:_MW_Stn,738,633;753,637;734,637;732,636;723,636;722,636;722,629;723,629;733,629;734,630;753,630;754,630;754,637